# id timestamp x y z qx qy qz qw
0 1787326170.624422 0.020976 0.001029 0.002660 -0.014963 0.111497 0.000264 0.993652
1 1787326170.824444 0.070489 0.017749 -0.000779 -0.021987 0.115526 0.032916 0.992515
2 1787326170.924388 0.083459 0.031988 0.000188 -0.026203 0.113743 0.076403 0.990221
3 1787326171.824388 0.293287 0.500236 0.008489 -0.095673 0.059814 0.522598 0.845080
4 1787326173.224269 1.586615 1.626992 0.026988 -0.076231 0.079129 0.386295 0.915808
5 1787326173.724342 1.955893 2.042518 0.020939 -0.027725 0.096691 0.039298 0.994152
6 1787326173.824438 2.039189 2.066798 0.009813 -0.016712 0.098952 -0.000845 0.994951
7 1787326173.924417 2.143245 2.071330 0.010302 0.004529 0.111019 0.015861 0.993681
8 1787326174.024354 2.241689 2.061376 0.025599 0.004191 0.086943 0.009136 0.996163
9 1787326174.124552 2.341417 2.051317 0.011115 0.001831 0.126958 0.001454 0.991905
10 1787326174.224368 2.454249 2.040367 0.026433 -0.017102 0.106140 -0.002111 0.994202
11 1787326174.324544 2.590063 2.028047 0.023542 -0.004766 0.114736 0.008329 0.993350
12 1787326174.524363 2.851392 2.007708 0.021511 -0.010037 0.123408 0.005038 0.992292
13 1787326174.724502 3.133981 2.003366 0.020634 -0.009551 0.120136 0.014063 0.992612
14 1787326174.924406 3.440762 2.016001 0.020788 -0.018455 0.126019 0.010427 0.991801
15 1787326175.024318 3.574950 2.024586 0.030605 -0.022453 0.110164 0.020261 0.993453
16 1787326175.124464 3.685910 2.042684 0.026501 -0.035221 0.112611 0.052072 0.991649
17 1787326175.224407 3.788415 2.069650 0.032699 -0.039550 0.101068 0.076901 0.991114
18 1787326175.324591 3.892990 2.092037 0.018311 -0.048784 0.114026 0.070944 0.989740
19 1787326175.424383 3.992052 2.115561 0.032903 -0.053992 0.100379 0.068356 0.991129
20 1787326175.524402 4.102958 2.131689 0.023269 -0.027156 0.094900 0.077940 0.992059
21 1787326175.624487 4.228713 2.145571 0.033131 -0.015662 0.114598 0.088724 0.989318
22 1787326175.724216 4.361370 2.162968 0.033414 -0.023283 0.108523 0.087749 0.989940
23 1787326175.824233 4.487911 2.179812 0.039601 -0.032207 0.115976 0.077437 0.989705
24 1787326175.924437 4.623667 2.200479 0.039740 -0.032139 0.097257 0.083384 0.991239
25 1787326176.024287 4.774618 2.225915 0.039728 -0.010240 0.110992 0.093284 0.989381
26 1787326176.124291 4.925622 2.254314 0.036205 -0.026227 0.103179 0.091072 0.990137
27 1787326176.224353 5.084044 2.286020 0.024487 -0.038831 0.124084 0.084012 0.987946
28 1787326176.424449 5.381907 2.348096 0.028127 -0.023885 0.109389 0.092931 0.989357
29 1787326176.624369 5.653670 2.418060 0.047782 -0.032191 0.111467 0.088471 0.989299
30 1787326176.724400 5.808177 2.445471 0.041808 -0.027779 0.113909 0.096018 0.988450
31 1787326176.824364 5.966986 2.469153 0.054522 -0.030602 0.106923 0.097898 0.988963
32 1787326177.024281 6.278283 2.516724 0.046663 -0.041491 0.101988 0.096043 0.989269
33 1787326177.124477 6.432902 2.530605 0.039997 -0.043757 0.113020 0.084003 0.989068
34 1787326177.224304 6.576634 2.547466 0.042744 -0.038564 0.116427 0.064025 0.990383
35 1787326177.324642 6.691787 2.579606 0.046185 -0.022392 0.109765 0.068830 0.991319
36 1787326177.424284 6.792132 2.603322 0.055615 -0.038019 0.098462 0.067967 0.992089
37 1787326177.524485 6.906082 2.619080 0.055193 -0.023924 0.088802 0.074442 0.992975
38 1787326177.624407 7.031937 2.631074 0.054185 -0.019627 0.115282 0.078423 0.990038
39 1787326177.724251 7.138904 2.645596 0.054043 -0.042727 0.129124 0.047481 0.989569
40 1787326177.824407 7.215000 2.637533 0.065187 -0.026798 0.111256 0.013380 0.993340
41 1787326177.924212 7.273427 2.622852 0.070080 -0.019023 0.104219 -0.034412 0.993777
42 1787326178.624259 7.593727 2.232195 0.051985 0.053621 0.085989 -0.476212 0.873472
43 1787326178.724473 7.644603 2.169587 0.054858 0.065068 0.091437 -0.465365 0.877976
44 1787326178.824390 7.668415 2.103513 0.068793 0.057959 0.068733 -0.471817 0.877101
45 1787326178.924293 7.728779 2.021657 0.056127 0.053782 0.096093 -0.478259 0.871287
46 1787326179.024179 7.773024 1.933114 0.082699 0.051782 0.095889 -0.494227 0.862475
47 1787326179.124408 7.821851 1.841108 0.083011 0.047090 0.082769 -0.522296 0.847430
48 1787326179.224463 7.855015 1.744776 0.081025 0.061530 0.089801 -0.558783 0.822138
49 1787326179.324617 7.866227 1.652689 0.091323 0.069788 0.080024 -0.601448 0.791825
50 1787326179.424359 7.876315 1.556993 0.076856 0.077522 0.093548 -0.607296 0.785131
51 1787326179.524509 7.893379 1.465634 0.081773 0.071661 0.096850 -0.605423 0.786733
52 1787326179.624516 7.935163 1.364230 0.084955 0.059361 0.085809 -0.604692 0.789595
53 1787326179.724364 7.971812 1.248678 0.074641 0.076234 0.093069 -0.599284 0.791445
54 1787326179.824331 8.016488 1.144626 0.072716 0.057754 0.095162 -0.602843 0.790056
55 1787326179.924371 8.062843 1.026081 0.059934 0.075474 0.115980 -0.603597 0.785190
56 1787326180.024354 8.092138 0.907966 0.065521 0.061341 0.101601 -0.603620 0.788389
57 1787326180.124476 8.126722 0.772719 0.061699 0.077646 0.106234 -0.598047 0.790585
58 1787326180.324585 8.188404 0.493243 0.067976 0.081671 0.120776 -0.602445 0.784731
59 1787326180.524346 8.257140 0.204481 0.073383 0.081792 0.110881 -0.595739 0.791271
60 1787326180.624321 8.300499 0.065089 0.076544 0.074579 0.105828 -0.598675 0.790460
61 1787326180.723377 8.347944 -0.079457 0.053054 0.075444 0.125278 -0.602512 0.784597
62 1787326180.923310 8.415210 -0.356765 0.059759 0.075413 0.108394 -0.595338 0.792551
63 1787326181.124288 8.494921 -0.636835 0.059729 0.088837 0.118590 -0.597766 0.787858
64 1787326181.324709 8.562223 -0.918286 0.070388 0.089148 0.104298 -0.592740 0.793621
65 1787326181.524522 8.630901 -1.202328 0.069440 0.085880 0.116042 -0.596790 0.789304
66 1787326181.624204 8.666636 -1.335171 0.074032 0.074570 0.111565 -0.609035 0.781709
67 1787326181.724496 8.701334 -1.451895 0.071459 0.072700 0.105702 -0.632259 0.764062
68 1787326181.824361 8.716515 -1.552609 0.075507 0.076551 0.109241 -0.634742 0.761123
69 1787326181.924335 8.733238 -1.657979 0.068470 0.079062 0.109044 -0.632703 0.762592
70 1787326182.024446 8.753841 -1.760064 0.084317 0.066958 0.111445 -0.633866 0.762437
71 1787326182.124365 8.766675 -1.870138 0.086111 0.069909 0.094972 -0.643219 0.756547
72 1787326182.224429 8.765968 -1.981266 0.081309 0.084826 0.102365 -0.662938 0.736776
73 1787326182.324552 8.759653 -2.085622 0.087382 0.075950 0.098256 -0.668986 0.732827
74 1787326182.524474 8.773529 -2.294708 0.092701 0.066625 0.103562 -0.669298 0.732718
75 1787326182.624368 8.768904 -2.403513 0.084517 0.075882 0.095891 -0.678462 0.724387
76 1787326182.724263 8.754729 -2.506848 0.080555 0.091773 0.097709 -0.696223 0.705198
77 1787326182.824229 8.756333 -2.609896 0.075434 0.080424 0.098828 -0.700913 0.701773
78 1787326183.024510 8.741769 -2.824083 0.079073 0.068244 0.097354 -0.702241 0.701942
79 1787326183.124460 8.743442 -2.933604 0.076201 0.075572 0.103250 -0.712962 0.689429
80 1787326183.224328 8.715121 -3.031770 0.083517 0.087606 0.097972 -0.738004 0.661874
81 1787326183.824253 8.451214 -3.506834 0.084987 0.101616 0.047530 -0.846107 0.521074
82 1787326183.924192 8.411241 -3.592373 0.082059 0.125997 0.060711 -0.854192 0.500795
83 1787326184.024121 8.356339 -3.663519 0.083382 0.114531 0.056335 -0.872461 0.471721
84 1787326184.124396 8.297227 -3.726423 0.074308 0.112761 0.061741 -0.894541 0.428101
85 1787326184.224304 8.225470 -3.766737 0.087956 0.125038 0.029405 -0.916778 0.378178
86 1787326184.924439 7.658118 -3.752345 0.066060 0.134878 -0.030480 -0.988805 -0.056070
87 1787326185.324396 7.352568 -3.710379 0.063648 0.142430 0.003077 -0.988150 -0.057134
88 1787326185.424407 7.255122 -3.707634 0.066474 0.137137 0.010192 -0.988979 -0.054862
89 1787326185.524417 7.128835 -3.698310 0.062445 0.118738 0.009464 -0.991447 -0.053329
90 1787326185.624134 6.998076 -3.681154 0.059084 0.141549 -0.013031 -0.988697 -0.047660
91 1787326185.724552 6.858686 -3.663125 0.061748 0.124206 0.000068 -0.990956 -0.050787
92 1787326185.824381 6.725464 -3.653148 0.058191 0.150474 0.003836 -0.986904 -0.057995
93 1787326185.924357 6.596393 -3.641233 0.064716 0.128679 0.010143 -0.990062 -0.055831
94 1787326186.024372 6.452333 -3.627882 0.051964 0.149333 -0.007261 -0.987720 -0.045354
95 1787326186.124474 6.303550 -3.611944 0.058809 0.134510 0.002292 -0.989788 -0.047135
96 1787326186.224428 6.146185 -3.600049 0.048494 0.154204 0.000124 -0.986659 -0.052200
97 1787326186.324482 6.023985 -3.582009 0.057226 0.132111 0.007217 -0.989777 -0.053260
98 1787326186.424316 5.880265 -3.563751 0.051403 0.143873 -0.007801 -0.988584 -0.044067
99 1787326186.524496 5.746402 -3.549174 0.061808 0.130767 0.001816 -0.990380 -0.045211
100 1787326186.624287 5.617113 -3.531645 0.047164 0.150422 0.003751 -0.987320 -0.050580
101 1787326186.724401 5.483450 -3.512290 0.051210 0.129855 0.010173 -0.990419 -0.045882
102 1787326186.824380 5.338368 -3.487137 0.037760 0.145243 -0.006055 -0.988621 -0.038673
103 1787326186.924382 5.185052 -3.471564 0.038910 0.134956 0.008463 -0.989974 -0.040837
104 1787326187.024374 5.041840 -3.458130 0.030802 0.151422 0.011648 -0.987209 -0.048523
105 1787326187.124546 4.900988 -3.451353 0.040822 0.130227 0.013991 -0.990399 -0.044207
106 1787326187.224396 4.753591 -3.437712 0.034857 0.148951 -0.002473 -0.988160 -0.036695
107 1787326187.324348 4.601910 -3.427763 0.038293 0.139786 0.014234 -0.989302 -0.039239
108 1787326187.424392 4.447398 -3.419150 0.034943 0.147388 0.012858 -0.988007 -0.044188
109 1787326187.524377 4.283999 -3.401353 0.036944 0.129922 0.019055 -0.990429 -0.042517
110 1787326187.624428 4.147745 -3.385451 0.041255 0.145107 -0.000094 -0.988713 -0.037281
111 1787326187.724341 4.012409 -3.381169 0.039469 0.142793 -0.003310 -0.989165 -0.033947
112 1787326187.824305 3.876375 -3.363866 0.050513 0.145824 0.015553 -0.988323 -0.041374
113 1787326187.924366 3.733761 -3.353002 0.039847 0.146256 0.015057 -0.988466 -0.036292
114 1787326188.024452 3.591816 -3.346275 0.043185 0.144553 -0.000355 -0.989117 -0.027420
115 1787326188.224342 3.306315 -3.334088 0.051073 0.138665 0.018178 -0.989647 -0.032251
116 1787326188.324363 3.142443 -3.322011 0.041757 0.143491 -0.001641 -0.989338 -0.024851
117 1787326188.424222 2.989064 -3.302948 0.054275 0.146626 0.001530 -0.988977 -0.020581
118 1787326188.524287 2.824037 -3.292095 0.053633 0.148145 0.009804 -0.988664 -0.022371
119 1787326188.624364 2.687917 -3.283981 0.067122 0.136952 0.015530 -0.990133 -0.025280
120 1787326188.724323 2.535944 -3.278073 0.053982 0.150352 0.010530 -0.988373 -0.020063
121 1787326189.024283 2.107834 -3.272463 0.051006 0.129972 0.016082 -0.991232 -0.017547
122 1787326189.124213 1.952468 -3.267792 0.034960 0.149049 0.000235 -0.988762 -0.011534
123 1787326189.224342 1.806161 -3.281280 0.034350 0.134288 0.016991 -0.990700 -0.013827
124 1787326189.324458 1.669691 -3.286355 0.035096 0.148674 0.013897 -0.988637 -0.017286
125 1787326189.424324 1.530525 -3.283592 0.044554 0.121149 0.019678 -0.992346 -0.013635
126 1787326189.524366 1.377130 -3.268824 0.037153 0.149819 -0.005193 -0.988678 -0.006505
127 1787326189.624259 1.224668 -3.260653 0.038506 0.144281 0.014987 -0.989382 -0.009080
128 1787326190.024150 0.642261 -3.235476 0.030126 0.144102 0.008852 -0.989521 0.002261
129 1787326190.424442 0.061655 -3.240097 0.049724 0.148005 0.007280 -0.988476 -0.030922
130 1787326190.523211 -0.039648 -3.222447 0.065796 0.133979 0.013874 -0.987902 -0.076856
131 1787326190.624235 -0.124804 -3.193394 0.062697 0.113195 0.002380 -0.985294 -0.127969
132 1787326190.724451 -0.201746 -3.145627 0.058244 0.131370 -0.026845 -0.975962 -0.171814
133 1787326191.224330 -0.660316 -2.874707 0.042140 0.135335 -0.029714 -0.964526 -0.224703
134 1787326191.324383 -0.768101 -2.820330 0.034276 0.143127 -0.027494 -0.963255 -0.225606
135 1787326191.424221 -0.883222 -2.768301 0.031511 0.151639 -0.008331 -0.961715 -0.228125
136 1787326191.524401 -0.998833 -2.711467 0.016557 0.145207 -0.011188 -0.963733 -0.223624
137 1787326191.624382 -1.110440 -2.654903 0.020103 0.143605 -0.025635 -0.965158 -0.217233
138 1787326191.724313 -1.238552 -2.603941 0.025414 0.141561 -0.036055 -0.965574 -0.215237
139 1787326191.824352 -1.329676 -2.540768 0.028714 0.144738 -0.011639 -0.963867 -0.223331
140 1787326191.924429 -1.441957 -2.477574 0.019150 0.135266 -0.020104 -0.966874 -0.215532
141 1787326192.024296 -1.576452 -2.396319 0.007717 0.145523 -0.031394 -0.965848 -0.212075
142 1787326192.124382 -1.713791 -2.328015 -0.010851 0.150842 -0.022790 -0.965205 -0.212381
143 1787326192.224375 -1.847981 -2.269946 -0.012405 0.162576 -0.004273 -0.962402 -0.217562
144 1787326192.324315 -1.988256 -2.210398 -0.025393 0.158416 -0.016954 -0.964267 -0.211675
145 1787326192.424350 -2.131211 -2.157921 -0.018287 0.156968 -0.019034 -0.965488 -0.206958
146 1787326192.524368 -2.274296 -2.102621 -0.025321 0.154611 -0.016487 -0.965386 -0.209411
147 1787326192.624430 -2.409959 -2.063800 -0.009809 0.135096 -0.007254 -0.967457 -0.213830
148 1787326192.724340 -2.552986 -2.015740 -0.010311 0.145219 -0.024378 -0.967997 -0.203222
149 1787326192.824308 -2.698426 -1.952193 -0.002005 0.140366 -0.022314 -0.969177 -0.201233
150 1787326192.924264 -2.851818 -1.888775 -0.009111 0.153423 -0.015995 -0.966123 -0.206912
151 1787326193.024388 -2.977734 -1.818315 -0.000043 0.137944 -0.014713 -0.967107 -0.213209
152 1787326193.124398 -3.084100 -1.748493 -0.011242 0.137642 -0.015524 -0.961947 -0.235524
153 1787326193.224485 -3.175225 -1.683746 -0.012877 0.150635 -0.015144 -0.949023 -0.276468
154 1787326193.324418 -3.249270 -1.619515 -0.000295 0.135889 -0.022829 -0.935557 -0.325187
155 1787326193.924424 -3.380059 -1.106150 0.012897 0.096418 -0.071101 -0.779438 -0.614918
156 1787326194.024448 -3.407934 -1.009652 -0.001766 0.110648 -0.093164 -0.784491 -0.603035
157 1787326194.124551 -3.435363 -0.907641 -0.004091 0.105860 -0.083356 -0.784434 -0.605399
158 1787326194.224403 -3.466825 -0.788722 -0.014308 0.127392 -0.080162 -0.780675 -0.606542
159 1787326194.424349 -3.540901 -0.552165 -0.029050 0.117598 -0.080087 -0.786930 -0.600415
160 1787326194.524251 -3.593575 -0.432491 -0.023940 0.115277 -0.072345 -0.790987 -0.596504
161 1787326194.624327 -3.640319 -0.310470 -0.028164 0.126786 -0.074025 -0.788432 -0.597344
162 1787326194.724224 -3.688201 -0.188576 -0.012916 0.118815 -0.060787 -0.787594 -0.601568
163 1787326194.824200 -3.730544 -0.058345 -0.019816 0.114626 -0.086550 -0.791372 -0.594223
164 1787326195.024317 -3.812514 0.219577 -0.023427 0.128463 -0.070282 -0.790507 -0.594691
165 1787326195.124273 -3.856944 0.348452 -0.017341 0.130081 -0.065662 -0.799729 -0.582410
166 1787326195.224378 -3.902598 0.461429 -0.024705 0.135383 -0.045885 -0.821646 -0.551782
167 1787326195.324393 -3.936995 0.561881 -0.034694 0.135747 -0.058006 -0.826959 -0.542537
168 1787326195.424263 -3.977512 0.665754 -0.043035 0.135949 -0.055987 -0.826204 -0.543848
169 1787326195.624359 -4.058633 0.863162 -0.036161 0.117557 -0.049198 -0.830911 -0.541615
170 1787326195.724473 -4.103452 0.975522 -0.031497 0.121281 -0.061446 -0.833609 -0.535360
171 1787326195.824470 -4.159604 1.088065 -0.035438 0.124364 -0.050372 -0.833105 -0.536593
172 1787326195.924378 -4.218801 1.202898 -0.031381 0.128649 -0.057868 -0.830102 -0.539473
173 1787326196.024343 -4.294492 1.318883 -0.039935 0.125703 -0.056425 -0.842343 -0.521031
174 1787326196.124235 -4.365061 1.412033 -0.037860 0.130272 -0.049923 -0.860052 -0.490762
175 1787326196.224288 -4.425950 1.494249 -0.042052 0.138251 -0.036945 -0.858912 -0.491723
176 1787326196.324401 -4.482267 1.583161 -0.035603 0.133564 -0.046617 -0.859126 -0.491823
177 1787326196.424501 -4.525854 1.668038 -0.025863 0.120095 -0.028199 -0.862263 -0.491207
178 1787326196.524382 -4.585341 1.774459 -0.041069 0.135512 -0.047216 -0.864648 -0.481446
179 1787326196.724377 -4.703504 1.981656 -0.026547 0.126538 -0.051986 -0.850316 -0.508181
180 1787326196.824301 -4.737588 2.077429 -0.022065 0.117231 -0.050604 -0.828896 -0.544635
181 1787326197.424293 -4.590940 2.583848 -0.035043 0.073268 -0.103498 -0.550805 -0.824945
182 1787326198.124461 -4.035810 2.771993 -0.028063 0.026217 -0.122197 -0.107145 -0.986357
183 1787326198.424349 -3.784379 2.852509 -0.013571 0.024099 -0.125230 -0.112969 -0.985381
184 1787326198.624226 -3.559660 2.914739 -0.015942 0.033315 -0.143266 -0.107117 -0.983306
185 1787326198.824348 -3.303005 2.968088 -0.009740 0.017544 -0.139642 -0.115930 -0.983236
186 1787326198.924390 -3.164425 2.998109 0.000720 0.022010 -0.126777 -0.115153 -0.984979
187 1787326199.024344 -3.014016 3.030848 -0.007489 0.020827 -0.141699 -0.112469 -0.983279
188 1787326199.224384 -2.762172 3.089503 -0.007575 0.033453 -0.134704 -0.111101 -0.984069
189 1787326199.324364 -2.647731 3.114446 -0.014439 0.050289 -0.140644 -0.080594 -0.985492
190 1787326199.424388 -2.543116 3.138549 -0.016401 0.027133 -0.126947 -0.055334 -0.989993
191 1787326199.624479 -2.341901 3.183167 -0.034670 0.025539 -0.135010 -0.057438 -0.988848
192 1787326199.724315 -2.245738 3.189939 -0.025085 0.018745 -0.134015 -0.032249 -0.990277
193 1787326199.824271 -2.149411 3.184036 -0.012519 0.006553 -0.126795 0.013409 -0.991817
194 1787326200.424394 -1.658241 2.965455 -0.007975 -0.027963 -0.123061 0.167212 -0.977811
195 1787326200.524357 -1.571229 2.921724 -0.020358 -0.025243 -0.114747 0.211642 -0.970260
196 1787326201.124364 -1.298500 2.464702 0.008254 -0.057335 -0.109345 0.488608 -0.863723
197 1787326201.224475 -1.260002 2.378467 0.025768 -0.087134 -0.088450 0.479612 -0.868652
198 1787326201.324193 -1.207934 2.288989 0.027885 -0.066078 -0.088541 0.482825 -0.868720
199 1787326201.424272 -1.154923 2.184422 0.025595 -0.067492 -0.123023 0.488847 -0.861010
200 1787326201.524318 -1.095238 2.082688 0.029400 -0.055911 -0.113165 0.485577 -0.865033
201 1787326201.624424 -1.036966 1.968213 0.023206 -0.074975 -0.122092 0.478118 -0.866531
202 1787326201.724388 -0.967547 1.858856 0.032099 -0.059819 -0.108619 0.481201 -0.867795
203 1787326201.824342 -0.895468 1.744902 0.017556 -0.066500 -0.143534 0.470835 -0.867923
204 1787326201.924350 -0.823498 1.644031 0.017207 -0.073269 -0.147486 0.431518 -0.886945
205 1787326202.024423 -0.744546 1.580371 0.019108 -0.038774 -0.139649 0.382479 -0.912526
206 1787326202.824387 -0.220848 1.632541 0.046999 0.070969 -0.108087 -0.166427 -0.977539
207 1787326202.924339 -0.145562 1.666317 0.038103 0.048998 -0.126922 -0.172705 -0.975532
208 1787326203.024474 -0.047117 1.693973 0.034141 0.046769 -0.127293 -0.170318 -0.976013
209 1787326203.124455 0.055825 1.725882 0.024772 0.041786 -0.125344 -0.173091 -0.976003
210 1787326203.224430 0.166318 1.750921 0.031862 0.048107 -0.137030 -0.167808 -0.975064
211 1787326203.324357 0.281257 1.775614 0.026759 0.034999 -0.127955 -0.172508 -0.976035
212 1787326203.424325 0.396583 1.805475 0.030493 0.020682 -0.137568 -0.179525 -0.973868
213 1787326203.524412 0.504411 1.845602 0.040591 0.031889 -0.120360 -0.193743 -0.973119
214 1787326203.624352 0.591987 1.897405 0.040640 0.052305 -0.137860 -0.231952 -0.961487
215 1787326203.724355 0.661282 1.952576 0.054233 0.064876 -0.128291 -0.279116 -0.949435
216 1787326203.824531 0.746634 2.005563 0.047875 0.065630 -0.121493 -0.290959 -0.946718
217 1787326203.924334 0.817304 2.060178 0.057897 0.049262 -0.120897 -0.291654 -0.947573
218 1787326204.024242 0.878497 2.122416 0.041629 0.072250 -0.118027 -0.291269 -0.946579
219 1787326204.124440 0.941261 2.174992 0.046262 0.076477 -0.113842 -0.289006 -0.947453
220 1787326204.224504 1.003022 2.223653 0.044925 0.074870 -0.107763 -0.291915 -0.947400
221 1787326204.324384 1.068295 2.282689 0.040124 0.059437 -0.103414 -0.292129 -0.948912
222 1787326204.424303 1.156081 2.332832 0.042741 0.057209 -0.125437 -0.275952 -0.951232
223 1787326205.024395 1.665409 2.309283 0.053338 -0.026966 -0.113654 0.083962 -0.989599
224 1787326205.424334 2.052800 2.222099 0.053806 -0.007548 -0.127453 0.078828 -0.988678
225 1787326205.524432 2.172036 2.205015 0.044315 0.000140 -0.143818 0.079406 -0.986413
226 1787326205.624282 2.294961 2.186875 0.049644 0.008910 -0.138667 0.081735 -0.986920
227 1787326205.724322 2.415088 2.164888 0.042748 -0.001762 -0.134617 0.076986 -0.987901
228 1787326205.824370 2.544577 2.137194 0.053326 -0.011575 -0.128110 0.074172 -0.988915
229 1787326205.924365 2.682618 2.113981 0.051096 0.002488 -0.126909 0.077636 -0.988868
230 1787326206.024447 2.834334 2.097027 0.040857 0.001971 -0.146662 0.081214 -0.985845
231 1787326206.124482 2.984252 2.074127 0.034873 0.003315 -0.128999 0.076945 -0.988649
232 1787326206.224349 3.137885 2.042181 0.029593 -0.012845 -0.135418 0.070441 -0.988198
233 1787326206.324397 3.278387 2.026695 0.023710 0.006996 -0.136323 0.074074 -0.987867
234 1787326206.424243 3.418015 2.003961 0.024593 0.004695 -0.140494 0.078590 -0.986946
235 1787326206.524505 3.558083 1.984787 0.026522 0.010759 -0.120874 0.073953 -0.989851
236 1787326206.624342 3.702046 1.956801 0.033334 -0.011103 -0.140567 0.063912 -0.987944
237 1787326206.724249 3.841248 1.936034 0.042765 0.008255 -0.132083 0.072487 -0.988550
238 1787326206.824431 3.956647 1.906478 0.048557 -0.014860 -0.147297 0.095900 -0.984320
239 1787326206.924508 4.041515 1.871729 0.048157 -0.000154 -0.158036 0.140744 -0.977351
240 1787326207.524537 4.402610 1.737428 0.066583 -0.000594 -0.126671 0.193853 -0.972818
241 1787326207.624306 4.503175 1.695322 0.071462 -0.017335 -0.126464 0.186957 -0.974040
242 1787326207.724308 4.606716 1.652803 0.078237 -0.008678 -0.113144 0.190397 -0.975127
243 1787326207.824482 4.721649 1.600514 0.066765 -0.021741 -0.145573 0.194580 -0.969781
244 1787326208.024288 4.969605 1.489565 0.066529 -0.025699 -0.136024 0.186054 -0.972739
245 1787326208.224418 5.217648 1.370938 0.066239 -0.020504 -0.152169 0.191009 -0.969505
246 1787326208.324308 5.330976 1.316187 0.075544 -0.013758 -0.139569 0.204943 -0.968674
247 1787326208.424440 5.431206 1.261902 0.072134 0.000914 -0.131659 0.245608 -0.960386
248 1787326208.524410 5.499963 1.210754 0.074375 -0.030222 -0.137156 0.282749 -0.948856
249 1787326209.224363 5.610694 0.666036 0.094183 -0.086276 -0.090734 0.717583 -0.685126
250 1787326209.924261 5.189448 0.251241 0.071194 -0.132358 -0.046747 0.921324 -0.362571
251 1787326210.024274 5.123064 0.192622 0.077850 -0.125183 -0.038172 0.923501 -0.360579
252 1787326210.124349 5.039324 0.120925 0.065553 -0.131101 -0.052006 0.922568 -0.359133
253 1787326210.224286 4.968776 0.053463 0.077183 -0.124040 -0.058641 0.923886 -0.357226
254 1787326210.324433 4.889623 -0.022657 0.073497 -0.108633 -0.054093 0.924642 -0.360984
255 1787326210.424300 4.794501 -0.107754 0.071675 -0.132854 -0.049695 0.919343 -0.367000
256 1787326210.524254 4.697061 -0.196756 0.075470 -0.113749 -0.052556 0.922295 -0.365611
257 1787326210.624214 4.590063 -0.285085 0.068875 -0.138600 -0.058982 0.921418 -0.358191
258 1787326210.724260 4.500219 -0.356883 0.071294 -0.126524 -0.055810 0.928870 -0.343625
259 1787326210.824454 4.415589 -0.405836 0.063962 -0.122916 -0.050004 0.941971 -0.308352
260 1787326210.924422 4.357224 -0.445753 0.065455 -0.126067 -0.042008 0.944377 -0.300823
261 1787326211.324303 4.037632 -0.685450 0.043400 -0.132421 -0.056414 0.940363 -0.308220
262 1787326211.423386 3.958397 -0.771839 0.048399 -0.118819 -0.051486 0.941519 -0.311085
263 1787326211.524428 3.868808 -0.857738 0.040894 -0.136978 -0.066093 0.940141 -0.304965
264 1787326211.724246 3.654102 -1.002445 0.053265 -0.134398 -0.048371 0.939021 -0.312790
265 1787326211.824287 3.549638 -1.072468 0.065532 -0.125571 -0.041579 0.941112 -0.311147
266 1787326211.924435 3.440406 -1.146731 0.064028 -0.137401 -0.055613 0.940217 -0.306626
267 1787326212.024375 3.322773 -1.210326 0.075573 -0.134323 -0.055087 0.945014 -0.293037
268 1787326212.124358 3.215175 -1.257250 0.070683 -0.129322 -0.067330 0.955023 -0.258212
269 1787326212.224315 3.119907 -1.284995 0.076941 -0.132283 -0.035036 0.963992 -0.228021
270 1787326212.324202 3.022532 -1.323572 0.071575 -0.131298 -0.047638 0.965497 -0.219789
271 1787326212.524464 2.821625 -1.402077 0.070809 -0.122629 -0.048210 0.965038 -0.226583
272 1787326212.624277 2.709646 -1.456245 0.056274 -0.127536 -0.046786 0.963894 -0.229030
273 1787326212.724303 2.602409 -1.508492 0.057553 -0.132924 -0.043387 0.966536 -0.215074
274 1787326212.824267 2.506598 -1.551659 0.051152 -0.141261 -0.030098 0.973536 -0.177111
275 1787326213.524354 1.928884 -1.440735 0.051399 -0.131265 0.007438 0.988086 0.080000
276 1787326213.624421 1.823076 -1.425985 0.059573 -0.130682 0.016583 0.988513 0.074088
277 1787326213.724360 1.709166 -1.414799 0.053386 -0.135874 -0.003754 0.987925 0.074357
278 1787326213.824384 1.595039 -1.395297 0.050827 -0.146074 -0.007254 0.985906 0.081235
279 1787326213.924507 1.479727 -1.373826 0.049973 -0.125811 -0.002220 0.989163 0.075653
280 1787326214.024428 1.351209 -1.351684 0.045022 -0.141392 0.015314 0.987523 0.067615
281 1787326214.124362 1.234715 -1.328710 0.055615 -0.127066 0.003522 0.989294 0.071688
282 1787326214.224365 1.107000 -1.304223 0.049808 -0.154476 0.006041 0.985088 0.075511
283 1787326214.424339 0.843994 -1.248712 0.047402 -0.146856 0.009002 0.986683 0.069352
284 1787326214.524448 0.718622 -1.233016 0.053612 -0.132671 -0.002993 0.988576 0.071458
285 1787326214.724461 0.473390 -1.203357 0.051051 -0.124870 -0.009413 0.989900 0.066455
286 1787326214.824438 0.344590 -1.197230 0.038143 -0.143517 -0.016637 0.988759 0.038493
287 1787326214.924223 0.230702 -1.203570 0.045970 -0.137518 -0.016397 0.990360 0.002787
288 1787326215.124376 0.030172 -1.206162 0.049695 -0.141358 -0.026518 0.989598 0.003355
289 1787326215.224312 -0.064075 -1.215916 0.053356 -0.120748 -0.025155 0.992363 -0.001727
290 1787326215.724385 -0.614085 -1.253421 0.058495 -0.116960 -0.019623 0.992465 -0.030814
291 1787326215.824255 -0.748513 -1.256551 0.057187 -0.143758 -0.006581 0.989014 -0.033783
292 1787326215.924353 -0.876606 -1.260925 0.052953 -0.149421 -0.006908 0.988741 -0.004182
293 1787326216.524335 -1.375261 -1.057155 0.036084 -0.138644 0.036326 0.976485 0.161045
294 1787326216.624427 -1.476268 -1.020222 0.027401 -0.133191 0.033939 0.978125 0.156140
295 1787326216.724274 -1.581414 -0.987216 0.016858 -0.155097 0.027324 0.977975 0.136980
296 1787326216.824347 -1.687823 -0.973876 -0.000876 -0.160749 0.020995 0.980113 0.114447
297 1787326216.924366 -1.787098 -0.955642 0.007283 -0.164883 -0.001582 0.978828 0.121268
298 1787326217.024472 -1.891293 -0.937629 0.007122 -0.146896 -0.007463 0.982074 0.117884
299 1787326217.124440 -2.011994 -0.911093 -0.001366 -0.159052 0.005463 0.981009 0.110880
300 1787326217.224361 -2.127019 -0.886049 0.003036 -0.141298 0.000723 0.983518 0.112811
301 1787326217.324482 -2.254085 -0.855431 0.002992 -0.150077 -0.001858 0.981897 0.115550
302 1787326217.524302 -2.509791 -0.797657 0.001353 -0.143467 0.000062 0.983877 0.106787
303 1787326217.624491 -2.635826 -0.776554 0.010756 -0.139318 0.009548 0.984680 0.104428
304 1787326217.724328 -2.763248 -0.753557 0.001513 -0.148323 0.005084 0.983174 0.106507
305 1787326217.824239 -2.892774 -0.726826 0.016313 -0.132400 -0.006820 0.985224 0.108430
306 1787326217.924421 -3.021108 -0.701502 -0.003886 -0.147095 -0.010207 0.984512 0.094844
307 1787326218.024378 -3.123031 -0.696572 0.002976 -0.142404 -0.015115 0.987866 0.060112
308 1787326218.124306 -3.214434 -0.713999 -0.007128 -0.138262 -0.018240 0.990183 0.009363
309 1787326218.924377 -3.581304 -1.166018 -0.015053 -0.095252 -0.089572 0.840517 -0.525770
310 1787326219.624398 -3.428573 -1.645252 0.015069 -0.016417 -0.140206 0.464400 -0.874303
311 1787326220.424125 -2.899322 -1.696347 0.000730 0.035081 -0.099204 -0.072500 -0.991802
312 1787326220.524464 -2.816297 -1.686421 -0.004848 0.042341 -0.131725 -0.057422 -0.988716
313 1787326220.624448 -2.736560 -1.670783 0.005204 0.048550 -0.123733 -0.059753 -0.989324
314 1787326220.724299 -2.629086 -1.651910 0.005516 0.020599 -0.124871 -0.070223 -0.989470
315 1787326220.824422 -2.514995 -1.634054 -0.008619 0.004097 -0.133478 -0.077206 -0.988031
316 1787326220.924168 -2.383838 -1.616444 -0.013334 0.008901 -0.119799 -0.075772 -0.989862
317 1787326221.024215 -2.263409 -1.605096 -0.017342 0.018993 -0.141088 -0.068119 -0.987468
318 1787326221.123265 -2.134504 -1.590099 -0.009858 0.019334 -0.122707 -0.073932 -0.989497
319 1787326221.224467 -2.020948 -1.563662 -0.009820 0.030698 -0.126728 -0.095827 -0.986821
320 1787326221.324205 -1.923932 -1.543711 -0.002813 0.033586 -0.127345 -0.099552 -0.986278
321 1787326221.524292 -1.712155 -1.516371 0.016437 0.034591 -0.121516 -0.097377 -0.987196
322 1787326221.624435 -1.606123 -1.499437 0.023139 0.026467 -0.115230 -0.101913 -0.987742
323 1787326221.724334 -1.490388 -1.482961 0.039823 0.018386 -0.110158 -0.107087 -0.987957
324 1787326221.824438 -1.359991 -1.457102 0.042727 0.027023 -0.095137 -0.104849 -0.989558
325 1787326221.924410 -1.239967 -1.433873 0.039477 0.024697 -0.119325 -0.100097 -0.987488
326 1787326222.024478 -1.126739 -1.404573 0.048664 0.023844 -0.096156 -0.103021 -0.989733
327 1787326222.124336 -0.999928 -1.373078 0.043266 0.017746 -0.127380 -0.110457 -0.985525
328 1787326222.224413 -0.890118 -1.341770 0.053889 0.018457 -0.115834 -0.106990 -0.987317
329 1787326222.324472 -0.753904 -1.305309 0.042642 0.024449 -0.137523 -0.104128 -0.984707
330 1787326222.424406 -0.630182 -1.269497 0.048914 0.029625 -0.127391 -0.103226 -0.986021
331 1787326222.524293 -0.495364 -1.234392 0.037018 0.020446 -0.135214 -0.113090 -0.984129
332 1787326222.624477 -0.377167 -1.199567 0.028868 0.036334 -0.131927 -0.136440 -0.981152
333 1787326222.724379 -0.275762 -1.166931 0.023817 0.055550 -0.131986 -0.135026 -0.980440
334 1787326222.924427 -0.072796 -1.110901 0.033357 0.049918 -0.113169 -0.136136 -0.982938
335 1787326223.024388 0.039592 -1.081631 0.030001 0.030547 -0.136456 -0.145671 -0.979401
336 1787326223.124373 0.154818 -1.052633 0.044741 0.026311 -0.127327 -0.148457 -0.980335
337 1787326223.224266 0.248538 -1.010163 0.045985 0.035857 -0.129091 -0.170595 -0.976190
338 1787326223.324374 0.339997 -0.974959 0.065975 0.048519 -0.131291 -0.207481 -0.968174
339 1787326224.024352 0.693791 -0.546698 0.039836 0.076392 -0.117559 -0.408954 -0.901721
340 1787326224.224279 0.809519 -0.359952 0.040264 0.076941 -0.116247 -0.426876 -0.893501
341 1787326224.324355 0.846933 -0.267605 0.050370 0.087235 -0.114811 -0.456498 -0.877963
342 1787326224.424339 0.894292 -0.188694 0.047237 0.081114 -0.116936 -0.478703 -0.866366
343 1787326224.524253 0.937295 -0.119586 0.058302 0.070720 -0.108920 -0.467788 -0.874248
344 1787326226.124360 0.413206 -0.041737 0.057251 0.012841 -0.109306 0.035883 -0.993277
345 1787326226.224309 0.357746 -0.034076 0.058875 -0.012530 -0.106744 0.026730 -0.993848
346 1787326226.324337 0.348471 -0.034502 0.052127 -0.009523 -0.108001 0.015312 -0.993987
347 1787326226.424157 0.365421 -0.041047 0.047838 -0.004171 -0.112495 0.012094 -0.993570
348 1787326226.524296 0.371155 -0.048603 0.047464 -0.004009 -0.111232 0.007994 -0.993754
349 1787326226.624352 0.371592 -0.059731 0.050581 -0.002945 -0.106883 0.003098 -0.994262
350 1787326226.724333 0.370931 -0.064863 0.050924 -0.001417 -0.104668 -0.003725 -0.994499
351 1787326226.824417 0.370908 -0.066881 0.049514 0.002220 -0.105473 -0.008034 -0.994387
352 1787326226.924380 0.368663 -0.062265 0.048319 0.002913 -0.105278 -0.009602 -0.994392
353 1787326227.124388 0.370816 -0.061597 0.048901 0.002951 -0.103713 -0.011530 -0.994536
354 1787326227.224270 0.358943 -0.060679 0.048580 0.002412 -0.103307 -0.012979 -0.994562
355 1787326227.824358 0.344139 -0.060176 0.054679 0.002663 -0.101803 -0.014486 -0.994696
356 1787326228.224369 0.338773 -0.064737 0.053267 0.002165 -0.101327 -0.016056 -0.994721
357 1787326229.524339 0.315160 -0.070299 0.053710 -0.001464 -0.092234 -0.018245 -0.995569
358 1787326229.724405 0.314895 -0.062775 0.051417 -0.000362 -0.091583 -0.020008 -0.995596
359 1787326230.024373 0.310806 -0.060412 0.056032 0.002742 -0.094647 -0.021969 -0.995265
360 1787326230.324395 0.303589 -0.061478 0.052251 0.002699 -0.094991 -0.023444 -0.995198
361 1787326236.524233 0.323708 -0.066389 0.047954 0.004161 -0.097012 -0.025229 -0.994955
